29995
44977
4005
46887
3083
49725
58533
19635
7031
6407
23274
42694
8031
43196
8522
29661
1069
37908
38642
44917
51891
16040
12426
55337
62145
25406
39735
1481
48905
14280
44451
3993
34555
30214
47444
14917
36681
26485
4851
38042
54556
31006
7641
8220
64512
2389
61855
41221
6201
448
59122
57026
26675
54293
18028
50326
38081
52173
47185
8210
45768
37552
25045
17058
50792
48724
15154
778
51570
16663
46302
7494
25076
28288
18557
47456
19245
45392
55099
38502
34982
9495
29271
31857
31151
36436
18120
55582
51251
65279
16807
54352
35420
10824
45932
28807
10125
40322
50003
494
8354
58850
9694
11003
36340
65329
61525
48039
23759
9982
62187
2856
18192
34473
4814
20910
29635
50382
14381
62119
17401
59563
35273
48674
13582
34847
37468
50158
65156
46887
13405
6853
15963
56980
55461
54206
37175
33607
23608
29853
56388
10208
60329
42104
43947
7316
12022
64517
49630
5212
4637
4083
34899
18359
46253
7647
53671
25723
61474
14007
60893
25471
47503
10496
11168
63743
57805
50625
37809
55075
20392
49413
38327
35829
25738
26159
63039
53486
25844
34336
7387
39631
17973
29818
50457
53449
26991
1942
32331
553
33828
28443
39446
46682
10194
19699
33290
35868
8066
59071
38383
36511
49939
58
61563
14865
44966
7281
54305
10556
16886
35213
13977
25481
9817
58452
25851
37371
12582
15121
7506
56149
3367
54737
41496
59152
43965
533
12774
11545
32297
19553
16077
43327
35110
61620
40547
44328
15874
15952
27437
36582
34493
22906
15001
34060
42973
30996
48560
6026
675
9429
36642
8021
36781
25902
23728
39283
17568
32321
23887
21873
55824
3489
3634
18279
24847
62855
32
35494
19582
51565
27070
47268
31021
46719
41879
28556
943
36783
25916
53643
31557
34854
57612
33151
4457
45385
56073
34749
35984
55800
51271
31222
65041
27942
29896
57482
62923
17639
48790
51650
19894
38554
39853
46322
49871
35674
58913
60547
45953
20316
44065
15004
17596
21000
61728
55546
20898
43288
45092
3465
19826
33190
24016
4844
16192
56494
20666
31325
19057
32682
6460
60359
37112
42879
33860
5507
23650
12979
28724
20288
19444
18806
48285
16277
10198
5444
1805
4495
65185
37019
64853
5056
25343
28640
18951
5395
13716
22890
20328
24839
4985
12745
26991
50545
42532
60728
32062
48050
1632
50654
32212
22138
46016
45660
57060
26684
19528
44900
57848
60798
59418
46068
17342
56715
27092
45225
10560
23488
4498
41314
46120
57432
32008
48097
23249
22839
65177
2040
56000
50677
52875
62621
17066
16101
14305
45914
25176
16627
9594
38585
47960
6221
44691
21392
31427
13897
47995
44467
52252
33767
3831
49625
1016
32244
56889
9658
22690
17058
19235
32684
37967
7758
8822
58850
59543
34496
64701
21888
43975
34160
35917
20830
48843
2714
28629
18757
60298
32891
14194
50081
4263
47157
33886
32428
5695
13453
55657
22977
45082
12957
5855
62879
62160
10684
61197
41360
58198
57959
19539
34192
59551
35946
34282
38199
30456
16112
61519
59000
20850
9659
22840
41031
20590
60958
4080
4788
2693
12301
27006
18833
59328
64708
7977
53014
50043
6320
19747
33600
6415
57833
16735
45270
59181
29773
14215
37110
44896
14229
49538
35643
49039
59309
6998
59888
58268
5103
24843
51500
41772
35533
23601
31602
52171
46526
59524
55545
36829
22652
15099
13822
24566
51095
20361
31504
37845
37101
34615
56857
19265
54624
58734
30320
52002
37360
10087
44957
14612
45025
7915
61452
34087
35783
47454
32987
44915
25221
4229
25710
23242
42439
58061
47376
53475
3989
10382
3405
39758
39476
59820
39920
37225
32647
28408
20206
31508
36110
54056
8777
904
28713
27734
41844
56508
58822
38725
54773
25425
47296
56508
23683
25181
16383
61017
60853
28394
10352
32359
32210
45527
7129
56584
13214
27923
40053
40790
58783
31855
53874
27258
5927
64407
11277
34885
61958
59191
30615
56282
43547
24763
28689
34464
54471
26352
48584
26471
11752
41978
56491
8822
53497
65400
42511
37029
17688
9152
56217
122
45219
7131
49498
18034
53994
46821
54772
2958
55883
57765
3392
27406
4448
43541
42090
50296
37108
63253
626
42329
27683
4722
60757
433
4884
12597
16185
14813
15659
18
53305
64634
32627
33811
21699
12641
40452
5171
56953
17295
41238
56467
41517
16920
7947
57396
51545
3906
1421
16529
54377
51121
23582
15293
23961
32201
2895
44877
38552
38358
5245
29096
23875
29176
59397
49508
14948
38876
41444
48254
34940
10710
231
62658
42082
65472
26911
3252
44642
9635
20864
58966
38055
15773
9364
31727
61264
41811
1938
30835
30723
6219
46989
8689
29219
50580
60649
2595
19096
1739
36673
14612
44597
30925
45639
28898
47283
22951
29914
41299
5194
19403
45256
23421
38694
55935
6660
55896
20630
48376
16740
8710
148
18264
38839
32271
39054
61515
23662
52267
57684
30318
36178
7857
30533
23907
52530
17489
32749
65171
35895
11338
21359
51300
59410
17214
40019
63351
626
12068
31319
50072
23500
32077
5212
50241
58678
13736
54108
2796
26821
65364
38937
57960
61978
52631
32712
17846
33650
30413
56594
26043
31855
16807
37652
7799
10585
22000
60288
8688
25132
7668
49123
11130
31283
25008
38164
33085
61989
11978
20051
54905
63776
15596
57573
44748
17312
18090
61545
19646
46087
61750
15488
2826
48511
6568
4536
33884
61840
19194
36434
55078
20871
25974
3971
36464
28742
7154
55761
42050
16000
28347
24317
49557
13270
7222
548
23077
569
38282
1906
49910
55173
12099
23598
39025
33445
25621
65126
6047
24381
18389
11578
52404
23461
1024
58375
45832
35544
621
59317
38605
44329
30682
22139
60145
49542
21470
62373
64638
48069
20393
37597
21508
50550
22077
5333
31788
13287
53402
25349
19946
33309
21505
3297
17946
58935
45354
26457
28847
29124
44616
60320
49836
25064
40053
42065
41134
18742
8312
40074
4976
59382
43117
56170
18794
53950
12473
42024
27661
53392
52255
40879
8948
9161
20995
44190
63307
41533
11369
17938
61664
41679
22965
29921
31687
51310
50855
51775
56528
42359
28662
62010
6952
3467
39487
32941
27173
51454
36691
63491
21960
47797
62245
63229
33638
35155
64859
34276
62515
34248
57511
46085
52554
1420
58153
61678
38640
17493
13612
41232
16031
21128
21030
30802
29813
45207
42161
50721
63331
14064
